

Model:dataset-cervix93-image_size-640-method-EDOF_CNN_max-Z-7-fold-0-epochs-200-batchsize-6-lr-0.001-cudan-1 
MSE:0.010863963798649498 
RMSE:0.11528715663778603 
SSIM:0.9473578 
PSNR:23.278798071576553