

Model:dataset-fraunhofer-image_size-512-method-EDOF_CNN_fast-Z-5-fold-3-epochs-200-batchsize-6-lr-0.001-cudan-3-image_channels-grayscale 
MSE:0.0021755519687303355 
RMSE:0.061164380820140134 
SSIM:0.9684641 
PSNR:29.54051292373334