

Model:dataset-fraunhofer-image_size-512-method-EDOF_CNN_fast-Z-5-fold-2-epochs-200-batchsize-6-lr-0.001-cudan-3-image_channels-grayscale 
MSE:0.002930666553972855 
RMSE:0.07197442186930622 
SSIM:0.9606918 
PSNR:28.47363263932424