

Model:dataset-fraunhofer-image_size-512-method-EDOF_CNN_max-Z-3-fold-2-epochs-200-batchsize-6-lr-0.001-cudan-3-image_channels-grayscale 
MSE:0.0030293492177637417 
RMSE:0.07417801727684029 
SSIM:0.9531715 
PSNR:27.97343461492923