

Model:dataset-fraunhofer-image_size-512-method-EDOF_CNN_3D-Z-3-fold-3-epochs-200-batchsize-6-lr-0.001-cudan-3-image_channels-grayscale 
MSE:0.002283171296425063 
RMSE:0.06369296761385254 
SSIM:0.960738 
PSNR:28.95700665517916