

Model:dataset-fraunhofer-image_size-512-method-EDOF_CNN_3D-Z-5-fold-4-epochs-200-batchsize-6-lr-0.001-cudan-3-image_channels-grayscale 
MSE:0.004180773621077696 
RMSE:0.08544376605880614 
SSIM:0.96460056 
PSNR:27.008265904752673