

Model:dataset-fraunhofer-image_size-512-method-EDOF_CNN_3D-Z-3-fold-4-epochs-200-batchsize-6-lr-0.001-cudan-3-image_channels-grayscale 
MSE:0.004179721791289813 
RMSE:0.08545287254774069 
SSIM:0.965813 
PSNR:27.009927434935996