

Model:dataset-fraunhofer-image_size-512-method-EDOF_CNN_max-Z-5-fold-1-epochs-200-batchsize-6-lr-0.001-cudan-3-image_channels-grayscale 
MSE:0.003204313148444991 
RMSE:0.07766290401299972 
SSIM:0.9460695 
PSNR:27.43922016261131