

Model:dataset-fraunhofer-image_size-512-method-EDOF_CNN_3D-Z-3-fold-0-epochs-200-batchsize-6-lr-0.001-cudan-3-image_channels-grayscale 
MSE:0.0023817439779476686 
RMSE:0.06345064713554925 
SSIM:0.9496619 
PSNR:29.422512291158053