

Model:dataset-fraunhofer-image_size-512-method-EDOF_CNN_fast-Z-3-fold-3-epochs-200-batchsize-6-lr-0.001-cudan-3-image_channels-grayscale 
MSE:0.0021766349086808755 
RMSE:0.06092787049911393 
SSIM:0.9686587 
PSNR:29.6587820376998