

Model:dataset-cervix93-image_size-640-method-EDOF_CNN_3D-Z-7-fold-2-epochs-75-batchsize-2-lr-0.001-cudan-1 
MSE:0.010086484748972231 
RMSE:0.11292629376527757 
SSIM:0.95578086 
PSNR:22.52302304982986