

Model:dataset-cervix93-image_size-640-method-EDOF_CNN_modified-Z-9-fold-2-epochs-75-batchsize-2-lr-0.001-cudan-1 
MSE:0.009975198826771768 
RMSE:0.11170842565677684 
SSIM:0.96720415 
PSNR:22.750307998991126