

Model:dataset-fraunhofer-image_size-512-method-EDOF_CNN_3D-Z-5-fold-1-epochs-200-batchsize-6-lr-0.001-cudan-3-image_channels-grayscale 
MSE:0.0043503426912115395 
RMSE:0.0686549952974744 
SSIM:0.96286976 
PSNR:23.972101456955528