

Model:dataset-cervix93-image_size-640-method-EDOF_CNN_pairwise-Z-7-fold-0-epochs-200-batchsize-6-lr-0.001-cudan-3-image_channels-grayscale 
MSE:0.010937528991607008 
RMSE:0.11525669518416756 
SSIM:0.95835435 
PSNR:23.41923546869921