

Model:dataset-cervix93-image_size-640-method-EDOF_CNN_3D-Z-9-fold-2-epochs-200-batchsize-6-lr-0.001-cudan-1 
MSE:0.01027179604865243 
RMSE:0.11820579642605207 
SSIM:0.95279855 
PSNR:21.622332659743854