

Model:dataset-cervix93-image_size-640-method-EDOF_CNN_fast-Z-7-fold-1-epochs-200-batchsize-6-lr-0.001-cudan-1 
MSE:0.014761959703326137 
RMSE:0.13394455410735312 
SSIM:0.9550278 
PSNR:22.511652738563175