

Model:dataset-cervix93-image_size-640-method-EDOF_CNN_3D-Z-7-fold-0-epochs-200-batchsize-6-lr-0.001-cudan-1 
MSE:0.010878474398180567 
RMSE:0.11541140750446029 
SSIM:0.9461538 
PSNR:23.26165171867883