

Model:dataset-cervix93-image_size-640-method-EDOF_CNN_max-Z-7-fold-3-epochs-200-batchsize-6-lr-0.001-cudan-1 
MSE:0.00921444677820142 
RMSE:0.10542523132140404 
SSIM:0.9581708 
PSNR:23.094687555598647

Model:dataset-cervix93-image_size-640-method-EDOF_CNN_max-Z-7-fold-3-epochs-200-batchsize-6-lr-0.001-cudan-1 
MSE:0.009308703418363215 
RMSE:0.10593087985098595 
SSIM:0.957586 
PSNR:22.952326747114263