

Model:dataset-cervix93-image_size-640-method-EDOF_CNN_pairwise-Z-9-fold-4-epochs-200-batchsize-6-lr-0.001-cudan-3-image_channels-grayscale 
MSE:0.011467636276275495 
RMSE:0.1199299830183856 
SSIM:0.96723104 
PSNR:22.360200385796766