

Model:dataset-cervix93-image_size-640-method-EDOF_CNN_3D-Z-7-fold-4-epochs-200-batchsize-6-lr-0.001-cudan-1 
MSE:0.011425705182762556 
RMSE:0.12021603486448955 
SSIM:0.95304066 
PSNR:22.229213849500272

Model:dataset-cervix93-image_size-640-method-EDOF_CNN_3D-Z-7-fold-4-epochs-200-batchsize-6-lr-0.001-cudan-1 
MSE:0.011640681998650426 
RMSE:0.12162322139187426 
SSIM:0.9517569 
PSNR:22.08008857478887