

Model:dataset-cervix93-image_size-640-method-EDOF_CNN_fast-Z-7-fold-0-epochs-200-batchsize-6-lr-0.001-cudan-1 
MSE:0.010850778668821138 
RMSE:0.11470315039430061 
SSIM:0.9565773 
PSNR:23.454759556547213