

Model:dataset-cervix93-image_size-640-method-EDOF_CNN_pairwise-Z-5-fold-2-epochs-200-batchsize-6-lr-0.001-cudan-3-image_channels-grayscale 
MSE:0.01041656321996008 
RMSE:0.1190991370801456 
SSIM:0.9574161 
PSNR:21.53010533535789