

Model:dataset-fraunhofer_elastic_only-image_size-512-method-EDOF_CNN_3D-Z-3-fold-2-epochs-200-batchsize-6-lr-0.001-cudan-3-image_channels-grayscale 
MSE:0.0030281172456420574 
RMSE:0.07414173434104898 
SSIM:0.9540318 
PSNR:28.064606064500285