

Model:dataset-fraunhofer_elastic_only-image_size-512-method-EDOF_CNN_max-Z-5-fold-3-epochs-200-batchsize-6-lr-0.001-cudan-3-image_channels-grayscale 
MSE:0.0022448250818915584 
RMSE:0.06312681843950738 
SSIM:0.9492596 
PSNR:29.087657781099253