

Model:dataset-fraunhofer_elastic_only-image_size-512-method-EDOF_CNN_pairwise-Z-5-fold-3-epochs-200-batchsize-6-lr-0.001-cudan-3-image_channels-grayscale 
MSE:0.002166477379161994 
RMSE:0.060884968168511154 
SSIM:0.96625155 
PSNR:29.693829144325907