

Model:dataset-fraunhofer_elastic_only-image_size-512-method-EDOF_CNN_fast-Z-3-fold-3-epochs-200-batchsize-6-lr-0.001-cudan-3-image_channels-grayscale 
MSE:0.0021531715020507475 
RMSE:0.06086098099426818 
SSIM:0.9665432 
PSNR:29.63460153058781