

Model:dataset-fraunhofer_elastic_only-image_size-512-method-EDOF_CNN_3D-Z-3-fold-3-epochs-200-batchsize-6-lr-0.001-cudan-3-image_channels-grayscale 
MSE:0.0022427893845572144 
RMSE:0.06279336632440738 
SSIM:0.96436745 
PSNR:29.22254751026567