

Model:dataset-fraunhofer_elastic_only-image_size-512-method-EDOF_CNN_fast-Z-5-fold-3-epochs-200-batchsize-6-lr-0.001-cudan-3-image_channels-grayscale 
MSE:0.002145835573349246 
RMSE:0.06046324061238499 
SSIM:0.9691685 
PSNR:29.788703922269452