

Model:dataset-cervix93-image_size-640-method-EDOF_CNN_max-Z-7-fold-4-epochs-200-batchsize-6-lr-0.001-cudan-1 
MSE:0.01142532641069182 
RMSE:0.12012276946544184 
SSIM:0.95464545 
PSNR:22.251480304399198

Model:dataset-cervix93-image_size-640-method-EDOF_CNN_max-Z-7-fold-4-epochs-200-batchsize-6-lr-0.001-cudan-1 
MSE:0.011417422658437953 
RMSE:0.1200228454810146 
SSIM:0.95499545 
PSNR:22.271787122127776