

Model:dataset-cervix93-image_size-640-method-EDOF_CNN_max-Z-5-fold-3-epochs-200-batchsize-6-lr-0.001-cudan-1 
MSE:0.009599888640565494 
RMSE:0.10774251498687952 
SSIM:0.9515423 
PSNR:22.559856961972017