

Model:dataset-fraunhofer_no_rgb_elastic-image_size-512-method-EDOF_CNN_3D-Z-5-fold-3-epochs-200-batchsize-6-lr-0.001-image_channels-grayscale 
MSE:0.0023464136631027 
RMSE:0.06450044653350927 
SSIM:0.96037346 
PSNR:28.904233643766638