

Model:dataset-fraunhofer_no_rgb_elastic-image_size-512-method-EDOF_CNN_fast-Z-3-fold-1-epochs-200-batchsize-6-lr-0.001-image_channels-grayscale 
MSE:0.0032374481066902235 
RMSE:0.0779749852111024 
SSIM:0.9481536 
PSNR:27.478015923554544