

Model:dataset-fraunhofer_elastic_only-image_size-512-method-EDOF_CNN_max-Z-3-fold-3-epochs-200-batchsize-6-lr-0.001-cudan-3-image_channels-grayscale 
MSE:0.0022306852246072933 
RMSE:0.0626809979142964 
SSIM:0.96066564 
PSNR:29.212819216594077