

Model:dataset-fraunhofer_elastic_only-image_size-512-method-EDOF_CNN_pairwise-Z-3-fold-3-epochs-200-batchsize-6-lr-0.001-cudan-3-image_channels-grayscale 
MSE:0.002166912132697417 
RMSE:0.061095595816350455 
SSIM:0.96510816 
PSNR:29.595814971180758