

Model:dataset-fraunhofer_elastic_only-image_size-512-method-EDOF_CNN_3D-Z-3-fold-4-epochs-200-batchsize-6-lr-0.001-cudan-3-image_channels-grayscale 
MSE:0.00422788340017109 
RMSE:0.08640833903167482 
SSIM:0.96347207 
PSNR:26.895961204645022