

Model:dataset-fraunhofer_elastic_only-image_size-512-method-EDOF_CNN_max-Z-3-fold-0-epochs-200-batchsize-6-lr-0.001-cudan-3-image_channels-grayscale 
MSE:0.0023657460177553325 
RMSE:0.06318883360379075 
SSIM:0.940167 
PSNR:29.545194075175452