

Model:dataset-fraunhofer_elastic_only-image_size-512-method-EDOF_CNN_pairwise-Z-3-fold-4-epochs-200-batchsize-6-lr-0.001-cudan-3-image_channels-grayscale 
MSE:0.004092984916504808 
RMSE:0.08395367680115483 
SSIM:0.96819556 
PSNR:27.39392090889