

Model:dataset-fraunhofer_elastic_only-image_size-512-method-EDOF_CNN_max-Z-5-fold-0-epochs-200-batchsize-6-lr-0.001-cudan-3-image_channels-grayscale 
MSE:0.0023170469490162594 
RMSE:0.06133174790539112 
SSIM:0.9587663 
PSNR:30.131746891275906