

Model:dataset-fraunhofer-image_size-512-method-EDOF_CNN_3D-Z-3-fold-1-epochs-200-batchsize-6-lr-0.001-cudan-3-image_channels-grayscale 
MSE:0.0032334456888272254 
RMSE:0.07824653003285843 
SSIM:0.9444651 
PSNR:27.323930728915307