

Model:dataset-fraunhofer-image_size-512-method-EDOF_CNN_max-Z-5-fold-3-epochs-200-batchsize-6-lr-0.001-cudan-3-image_channels-grayscale 
MSE:0.002258658170358211 
RMSE:0.06303196836126895 
SSIM:0.96330786 
PSNR:29.125205296911066