

Model:dataset-fraunhofer-image_size-512-method-EDOF_CNN_3D-Z-3-fold-2-epochs-200-batchsize-6-lr-0.001-cudan-3-image_channels-grayscale 
MSE:0.003094405502373195 
RMSE:0.07549039038722816 
SSIM:0.9485186 
PSNR:27.713308366144293