

Model:dataset-fraunhofer-image_size-512-method-EDOF_CNN_max-Z-5-fold-0-epochs-200-batchsize-6-lr-0.001-cudan-3-image_channels-grayscale 
MSE:0.002342273687301843 
RMSE:0.06223099688878856 
SSIM:0.95936257 
PSNR:29.763580140694895