

Model:dataset-cervix93-image_size-640-method-EDOF_CNN_max-Z-9-fold-1-epochs-75-batchsize-2-lr-0.001 
MSE:0.010372195921055592 
RMSE:0.11372652734484831 
SSIM:0.95524836 
PSNR:22.130266470715036