

Model:dataset-cervix93-image_size-640-method-EDOF_CNN_max-Z-9-fold-0-epochs-200-batchsize-6-lr-0.001-cudan-1 
MSE:0.010849704710618488 
RMSE:0.11515753915486171 
SSIM:0.9493427 
PSNR:23.30005949834464