

Model:dataset-cervix93-image_size-640-method-EDOF_CNN_fast-Z-3-fold-1-epochs-200-batchsize-6-lr-0.001-cudan-1 
MSE:0.014853441407591312 
RMSE:0.13530619966802487 
SSIM:0.94077283 
PSNR:22.21394973483385