

Model:dataset-fraunhofer_elastic-image_size-512-method-EDOF_CNN_pairwise-Z-3-fold-0-epochs-200-batchsize-6-lr-0.001-cudan-3-image_channels-grayscale 
MSE:0.0022864453371912257 
RMSE:0.06066092950199494 
SSIM:0.96015346 
PSNR:30.306002814907966