

Model:dataset-fraunhofer_elastic-image_size-512-method-EDOF_CNN_pairwise-Z-5-fold-4-epochs-200-batchsize-6-lr-0.001-cudan-3-image_channels-grayscale 
MSE:0.0040879180834588235 
RMSE:0.08384332153410588 
SSIM:0.96897215 
PSNR:27.39278399724188