

Model:dataset-fraunhofer_elastic-image_size-512-method-EDOF_CNN_pairwise-Z-3-fold-4-epochs-200-batchsize-6-lr-0.001-cudan-3-image_channels-grayscale 
MSE:0.004092096455165486 
RMSE:0.08396765725113899 
SSIM:0.96205777 
PSNR:27.361996462233265