

Model:dataset-cervix93-image_size-640-method-EDOF_CNN_modified-Z-3-fold-2-epochs-75-batchsize-2-lr-0.001-cudan-1 
MSE:0.006433255451832782 
RMSE:0.07913575321579212 
SSIM:0.9598018 
PSNR:24.914952203600215