

Model:dataset-cervix93-image_size-640-method-EDOF_CNN_modified-Z-5-fold-1-epochs-75-batchsize-2-lr-0.001-cudan-1 
MSE:0.007947987245196369 
RMSE:0.09249572306813268 
SSIM:0.95980287 
PSNR:23.22034042050924