

Model:dataset-cervix93-image_size-640-method-EDOF_CNN_max-Z-3-fold-0-epochs-75-batchsize-2-lr-0.001-cudan-1 
MSE:0.011262846027993559 
RMSE:0.1034192721717099 
SSIM:0.94081026 
PSNR:24.40930277064862