

Model:dataset-cervix93-image_size-640-method-EDOF_CNN_modified-Z-7-fold-1-epochs-75-batchsize-2-lr-0.001-cudan-1 
MSE:0.007943199522346664 
RMSE:0.0923903666866349 
SSIM:0.9609946 
PSNR:23.24748098067182