

Model:dataset-fraunhofer-image_size-512-method-EDOF_CNN_fast-Z-5-fold-0-epochs-200-batchsize-4-lr-0.001-cudan-1-image_channels-grayscale 
MSE:0.002228348636745467 
RMSE:0.058727184808477176 
SSIM:0.96494776 
PSNR:30.928027563939505