

Model:dataset-fraunhofer-image_size-512-method-EDOF_CNN_max-Z-3-fold-0-epochs-200-batchsize-6-lr-0.001-cudan-3-image_channels-grayscale 
MSE:0.0023418441632265916 
RMSE:0.06202461817639621 
SSIM:0.9551101 
PSNR:29.841980428113057