

Model:dataset-fraunhofer-image_size-512-method-EDOF_CNN_max-Z-5-fold-4-epochs-200-batchsize-6-lr-0.001-cudan-3-image_channels-grayscale 
MSE:0.004150277047527776 
RMSE:0.08489787675689953 
SSIM:0.96659696 
PSNR:27.11367285018456