

Model:dataset-cervix93-image_size-640-method-EDOF_CNN_max-Z-7-fold-0-epochs-75-batchsize-2-lr-0.001-cudan-1 
MSE:0.011219536748766265 
RMSE:0.10293940563683131 
SSIM:0.94445294 
PSNR:24.520331982286358