

Model:dataset-cervix93-image_size-640-method-EDOF_CNN_max-Z-7-fold-2-epochs-75-batchsize-2-lr-0.001-cudan-1 
MSE:0.00643007515692119 
RMSE:0.07919606472157908 
SSIM:0.9561641 
PSNR:24.88966030427638