

Model:dataset-cervix93-image_size-640-method-EDOF_CNN_3D-Z-5-fold-0-epochs-75-batchsize-2-lr-0.001-cudan-1 
MSE:0.014102923817399866 
RMSE:0.13134531310229958 
SSIM:0.9440649 
PSNR:23.019426130265376