

Model:dataset-cervix93-image_size-640-method-EDOF_CNN_max-Z-7-fold-0-epochs-75-batchsize-2-lr-0.001 
MSE:0.014057571000489962 
RMSE:0.13098438287236827 
SSIM:0.94589466 
PSNR:23.07972900179073