

Model:dataset-cervix93-image_size-640-method-EDOF_CNN_max-Z-5-fold-1-epochs-75-batchsize-2-lr-0.001 
MSE:0.010101164719017333 
RMSE:0.11306742510132217 
SSIM:0.9562655 
PSNR:22.133293322709715