

Model:dataset-cervix93-image_size-640-method-EDOF_CNN_3D-Z-3-fold-0-epochs-75-batchsize-2-lr-0.001-cudan-1 
MSE:0.014096772698779321 
RMSE:0.13132364376681227 
SSIM:0.94325954 
PSNR:23.019145647723217