

Model:dataset-cervix93-image_size-640-method-EDOF_CNN_3D-Z-7-fold-2-epochs-200-batchsize-6-lr-0.001-cudan-1 
MSE:0.010091560084461831 
RMSE:0.1168100777272452 
SSIM:0.95194674 
PSNR:21.893803389864726