

Model:dataset-cervix93-image_size-640-method-EDOF_CNN_3D-Z-3-fold-0-epochs-75-batchsize-2-lr-0.001-cudan-1 
MSE:0.014081005753819941 
RMSE:0.13122208251662906 
SSIM:0.94388634 
PSNR:23.02945266709704