

Model:dataset-cervix93-image_size-640-method-EDOF_CNN_max-Z-3-fold-1-epochs-75-batchsize-2-lr-0.001-cudan-1 
MSE:0.010116454384721136 
RMSE:0.1131759322528238 
SSIM:0.95458984 
PSNR:22.115697283955353