

Model:dataset-cervix93-image_size-640-method-EDOF_CNN_3D-Z-7-fold-1-epochs-75-batchsize-2-lr-0.001-cudan-1 
MSE:0.010138619549141494 
RMSE:0.11326945406220086 
SSIM:0.9557529 
PSNR:22.095717418285194