

Model:dataset-cervix93-image_size-640-method-EDOF_CNN_modified-Z-3-fold-1-epochs-75-batchsize-2-lr-0.001-cudan-1 
MSE:0.010074215630126853 
RMSE:0.11276729620551597 
SSIM:0.95996374 
PSNR:22.191812921056243