

Model:dataset-cervix93-image_size-640-method-EDOF_CNN_modified-Z-5-fold-1-epochs-75-batchsize-2-lr-0.001-cudan-1 
MSE:0.010052022743000046 
RMSE:0.11260850346533 
SSIM:0.9624359 
PSNR:22.224350353152676