

Model:dataset-fraunhofer-image_size-512-method-EDOF_CNN_3D-Z-3-fold-4-epochs-200-batchsize-6-lr-0.001-cudan-3-image_channels-grayscale 
MSE:0.004365957752174668 
RMSE:0.06928952393907752 
SSIM:0.9606285 
PSNR:23.788380289512805