

Model:dataset-fraunhofer-image_size-512-method-EDOF_CNN_max-Z-5-fold-0-epochs-200-batchsize-6-lr-0.001-cudan-3-image_channels-grayscale 
MSE:0.004399006234784668 
RMSE:0.06979573138299187 
SSIM:0.96190983 
PSNR:23.650613379516788