

Model:dataset-fraunhofer-image_size-512-method-EDOF_CNN_fast-Z-5-fold-4-epochs-200-batchsize-6-lr-0.001-cudan-3-image_channels-grayscale 
MSE:0.0034427375777058636 
RMSE:0.06126252895943527 
SSIM:0.9711957 
PSNR:24.887710357742513