

Model:dataset-fraunhofer-image_size-512-method-EDOF_CNN_fast-Z-3-fold-4-epochs-200-batchsize-6-lr-0.001-cudan-3-image_channels-grayscale 
MSE:0.003462014378985371 
RMSE:0.06144819512605444 
SSIM:0.97026575 
PSNR:24.860875000323265