

Model:dataset-fraunhofer_elastic_only-image_size-512-method-EDOF_CNN_pairwise-Z-5-fold-0-epochs-200-batchsize-6-lr-0.001-cudan-3-image_channels-grayscale 
MSE:0.002276967714424965 
RMSE:0.06029018676435549 
SSIM:0.96159494 
PSNR:30.451491787525228