

Model:dataset-fraunhofer_elastic_only-image_size-512-method-EDOF_CNN_fast-Z-5-fold-0-epochs-200-batchsize-6-lr-0.001-cudan-3-image_channels-grayscale 
MSE:0.0022655540665283175 
RMSE:0.05994688235489467 
SSIM:0.958541 
PSNR:30.56117155037233