

Model:dataset-fraunhofer_elastic_only-image_size-512-method-EDOF_CNN_3D-Z-5-fold-0-epochs-200-batchsize-6-lr-0.001-cudan-3-image_channels-grayscale 
MSE:0.0023412372650670208 
RMSE:0.06229432749788171 
SSIM:0.9577984 
PSNR:29.81844567347917