

Model:dataset-cervix93-image_size-640-method-EDOF_CNN_modified-Z-7-fold-0-epochs-75-batchsize-2-lr-0.001-cudan-1 
MSE:0.011132422644349008 
RMSE:0.10202499204339543 
SSIM:0.9537302 
PSNR:24.74169914275174