

Model:dataset-cervix93-image_size-640-method-EDOF_CNN_modified-Z-7-fold-2-epochs-75-batchsize-2-lr-0.001-cudan-1 
MSE:0.00641137922461328 
RMSE:0.07871122632542837 
SSIM:0.96514434 
PSNR:25.01361790065541