

Model:dataset-cervix93-image_size-640-method-EDOF_CNN_max-Z-3-fold-1-epochs-75-batchsize-2-lr-0.001-cudan-1 
MSE:0.008070458658866877 
RMSE:0.09359216026923549 
SSIM:0.9494769 
PSNR:23.034239685086646