

Model:dataset-fraunhofer_elastic_only-image_size-512-method-EDOF_CNN_fast-Z-5-fold-0-epochs-200-batchsize-4-lr-0.001-cudan-1-image_channels-grayscale 
MSE:0.002261005957921018 
RMSE:0.059721883963853965 
SSIM:0.96330297 
PSNR:30.657167190337486