

Model:dataset-fraunhofer_separate-image_size-512-method-EDOF_CNN_fast-Z-5-fold-0-epochs-200-batchsize-4-lr-0.001-cudan-1-image_channels-grayscale 
MSE:0.002268076540439262 
RMSE:0.06366058384694578 
SSIM:0.9627386 
PSNR:29.299427370271278

Model:dataset-fraunhofer_separate-image_size-512-method-EDOF_CNN_fast-Z-5-fold-0-epochs-200-batchsize-4-lr-0.001-cudan-1-image_channels-grayscale 
MSE:0.0021194564422246857 
RMSE:0.06318538683951999 
SSIM:0.9598483 
PSNR:28.417456820610518