

Model:dataset-fraunhofer-image_size-512-method-EDOF_CNN_pairwise-Z-3-fold-3-epochs-200-batchsize-4-lr-0.001-cudan-1-image_channels-grayscale 
MSE:0.0021940638825294354 
RMSE:0.06144214694213763 
SSIM:0.9683157 
PSNR:29.510324465248114