

Model:dataset-fraunhofer_elastic-image_size-512-method-EDOF_CNN_pairwise-Z-5-fold-1-epochs-200-batchsize-6-lr-0.001-cudan-3-image_channels-grayscale 
MSE:0.0031350108921016583 
RMSE:0.07642762803113737 
SSIM:0.9413267 
PSNR:27.750170957785187