

Model:dataset-fraunhofer_elastic-image_size-512-method-EDOF_CNN_max-Z-3-fold-2-epochs-200-batchsize-6-lr-0.001-cudan-3-image_channels-grayscale 
MSE:0.0030281768181821744 
RMSE:0.07418628815674465 
SSIM:0.9543412 
PSNR:28.035041618816535