

Model:dataset-fraunhofer_elastic-image_size-512-method-EDOF_CNN_fast-Z-3-fold-1-epochs-200-batchsize-6-lr-0.001-cudan-3-image_channels-grayscale 
MSE:0.003100843775170518 
RMSE:0.07560904710204949 
SSIM:0.9500673 
PSNR:27.97881856527596