

Model:dataset-fraunhofer_elastic-image_size-512-method-EDOF_CNN_max-Z-3-fold-1-epochs-200-batchsize-6-lr-0.001-cudan-3-image_channels-grayscale 
MSE:0.0031979955331768208 
RMSE:0.07771649113973032 
SSIM:0.9447375 
PSNR:27.475896009596067