

Model:dataset-fraunhofer_elastic-image_size-512-method-EDOF_CNN_pairwise-Z-3-fold-3-epochs-200-batchsize-6-lr-0.001-cudan-3-image_channels-grayscale 
MSE:0.0021670460318122986 
RMSE:0.06103226627426588 
SSIM:0.9602892 
PSNR:29.626531446439053