

Model:dataset-fraunhofer_elastic-image_size-512-method-EDOF_CNN_3D-Z-3-fold-0-epochs-200-batchsize-6-lr-0.001-cudan-3-image_channels-grayscale 
MSE:0.0023568218618206715 
RMSE:0.06284733591810156 
SSIM:0.95487255 
PSNR:29.644526841134077