

Model:dataset-fraunhofer_elastic-image_size-512-method-EDOF_CNN_fast-Z-5-fold-4-epochs-200-batchsize-6-lr-0.001-cudan-3-image_channels-grayscale 
MSE:0.0040731321147533485 
RMSE:0.08355669600421535 
SSIM:0.96767986 
PSNR:27.455539078744177