

Model:dataset-fraunhofer_elastic-image_size-512-method-EDOF_CNN_pairwise-Z-3-fold-2-epochs-200-batchsize-6-lr-0.001-cudan-3-image_channels-grayscale 
MSE:0.002955048200049363 
RMSE:0.07261152403695063 
SSIM:0.9577229 
PSNR:28.373719926808118