

Model:dataset-fraunhofer_elastic-image_size-512-method-EDOF_CNN_max-Z-5-fold-1-epochs-200-batchsize-6-lr-0.001-cudan-3-image_channels-grayscale 
MSE:0.0031792762469032435 
RMSE:0.0773397451172486 
SSIM:0.94536614 
PSNR:27.55556201105455