

Model:dataset-fraunhofer_elastic-image_size-512-method-EDOF_CNN_max-Z-3-fold-4-epochs-200-batchsize-6-lr-0.001-cudan-3-image_channels-grayscale 
MSE:0.004145580375732789 
RMSE:0.08492130052456881 
SSIM:0.96652603 
PSNR:27.175653958874967