

Model:dataset-fraunhofer_elastic-image_size-512-method-EDOF_CNN_fast-Z-3-fold-3-epochs-200-batchsize-6-lr-0.001-cudan-3-image_channels-grayscale 
MSE:0.0021661942033323416 
RMSE:0.061037660030624774 
SSIM:0.9563102 
PSNR:29.617340954166874