

Model:dataset-fraunhofer_elastic-image_size-512-method-EDOF_CNN_3D-Z-3-fold-3-epochs-200-batchsize-6-lr-0.001-cudan-3-image_channels-grayscale 
MSE:0.00222147656509794 
RMSE:0.062371385709310376 
SSIM:0.96490055 
PSNR:29.30195444910722