

Model:dataset-fraunhofer_elastic-image_size-512-method-EDOF_CNN_3D-Z-5-fold-4-epochs-200-batchsize-6-lr-0.001-cudan-3-image_channels-grayscale 
MSE:0.00416665718917985 
RMSE:0.08534920728448259 
SSIM:0.9634119 
PSNR:27.07171495841587