

Model:dataset-fraunhofer_elastic-image_size-512-method-EDOF_CNN_3D-Z-5-fold-0-epochs-200-batchsize-6-lr-0.001-cudan-3-image_channels-grayscale 
MSE:0.0023419338345413744 
RMSE:0.06226061898763553 
SSIM:0.94505733 
PSNR:29.816541584028663