

Model:dataset-fraunhofer_elastic-image_size-512-method-EDOF_CNN_pairwise-Z-3-fold-1-epochs-200-batchsize-6-lr-0.001-cudan-3-image_channels-grayscale 
MSE:0.0031453153991297614 
RMSE:0.07665632111661105 
SSIM:0.94602394 
PSNR:27.699571645254505