

Model:dataset-fraunhofer_elastic-image_size-512-method-EDOF_CNN_3D-Z-5-fold-3-epochs-200-batchsize-6-lr-0.001-cudan-3-image_channels-grayscale 
MSE:0.002232826179668163 
RMSE:0.06267780320983597 
SSIM:0.95951086 
PSNR:29.2220839236417