

Model:dataset-fraunhofer_elastic-image_size-512-method-EDOF_CNN_fast-Z-5-fold-1-epochs-200-batchsize-6-lr-0.001-cudan-3-image_channels-grayscale 
MSE:0.0031059663723689347 
RMSE:0.0756751872826893 
SSIM:0.9506498 
PSNR:27.9701419609471