

Model:dataset-fraunhofer_elastic-image_size-512-method-EDOF_CNN_max-Z-5-fold-3-epochs-200-batchsize-6-lr-0.001-cudan-3-image_channels-grayscale 
MSE:0.002211292157373265 
RMSE:0.062067692341118835 
SSIM:0.9676017 
PSNR:29.388548299906056