

Model:dataset-fraunhofer_elastic-image_size-512-method-EDOF_CNN_fast-Z-3-fold-0-epochs-200-batchsize-6-lr-0.001-cudan-3-image_channels-grayscale 
MSE:0.002268307060142827 
RMSE:0.06016802646531152 
SSIM:0.95841575 
PSNR:30.46117860603405