

Model:dataset-fraunhofer_no_rgb_elastic-image_size-512-method-EDOF_CNN_max-Z-5-fold-0-epochs-200-batchsize-6-lr-0.001-image_channels-grayscale 
MSE:0.0024875417580273534 
RMSE:0.06510535741191305 
SSIM:0.94077486 
PSNR:29.19131662763636