

Model:dataset-fraunhofer_no_rgb_elastic-image_size-512-method-EDOF_CNN_3D-Z-5-fold-1-epochs-200-batchsize-6-lr-0.001-image_channels-grayscale 
MSE:0.003329342472050947 
RMSE:0.07978321634628781 
SSIM:0.94449025 
PSNR:27.10974720538622