

Model:dataset-fraunhofer_no_rgb_elastic-image_size-512-method-EDOF_CNN_fast-Z-5-fold-0-epochs-200-batchsize-6-lr-0.001-image_channels-grayscale 
MSE:0.0023859446591879873 
RMSE:0.06234116457253079 
SSIM:0.9566677 
PSNR:29.96363124599299