

Model:dataset-fraunhofer_no_rgb_elastic-image_size-512-method-EDOF_CNN_pairwise-Z-5-fold-0-epochs-200-batchsize-6-lr-0.001-image_channels-grayscale 
MSE:0.002383214826795449 
RMSE:0.06228807114912541 
SSIM:0.96862787 
PSNR:29.992589154261076