

Model:dataset-fraunhofer_no_rgb_elastic-image_size-512-method-EDOF_CNN_fast-Z-3-fold-3-epochs-200-batchsize-6-lr-0.001-image_channels-grayscale 
MSE:0.0022332992642732736 
RMSE:0.06171731639244343 
SSIM:0.9681282 
PSNR:29.588478263348595