

Model:dataset-fraunhofer_no_rgb_elastic-image_size-512-method-EDOF_CNN_fast-Z-5-fold-1-epochs-200-batchsize-6-lr-0.001-image_channels-grayscale 
MSE:0.0032210744346956354 
RMSE:0.0776311665299515 
SSIM:0.9493499 
PSNR:27.558416137900018