

Model:dataset-cervix93-image_size-640-method-EDOF_CNN_3D-Z-5-fold-1-epochs-75-batchsize-2-lr-0.001-cudan-1 
MSE:0.010148850414591697 
RMSE:0.1133794681050833 
SSIM:0.9549734 
PSNR:22.08009506894745