

Model:dataset-cervix93-image_size-640-method-EDOF_CNN_modified-Z-7-fold-0-epochs-75-batchsize-2-lr-0.001-cudan-1 
MSE:0.013983287133292254 
RMSE:0.13012302537329562 
SSIM:0.9551009 
PSNR:23.254240177904663