

Model:dataset-cervix93-image_size-640-method-EDOF_CNN_max-Z-7-fold-1-epochs-75-batchsize-2-lr-0.001-cudan-1 
MSE:0.010115576656380552 
RMSE:0.11304677085108654 
SSIM:0.95724314 
PSNR:22.14062513125