

Model:dataset-cervix93-image_size-640-method-EDOF_CNN_max-Z-3-fold-0-epochs-75-batchsize-2-lr-0.001-cudan-1 
MSE:0.014081979412096383 
RMSE:0.13124422385995 
SSIM:0.9433693 
PSNR:23.023714636280662