

Model:dataset-cervix93-image_size-640-method-EDOF_CNN_max-Z-9-fold-2-epochs-75-batchsize-2-lr-0.001-cudan-1 
MSE:0.010088161680073607 
RMSE:0.11289895427329301 
SSIM:0.95650494 
PSNR:22.536691279748922